{
 "cells": [
  {
   "cell_type": "code",
   "execution_count": 17,
   "metadata": {},
   "outputs": [],
   "source": [
    "import numpy as np"
   ]
  },
  {
   "cell_type": "code",
   "execution_count": 18,
   "metadata": {},
   "outputs": [
    {
     "name": "stdout",
     "output_type": "stream",
     "text": [
      "(11, 10)\n",
      "[[ 0.00000000e+00 -5.68633399e-01 -6.47645443e-01 -6.47645443e-01\n",
      "  -2.05364180e-01 -2.08981831e-01 -5.58722327e-01 -5.68633399e-01\n",
      "  -6.45081545e-01 -4.98138646e-01]\n",
      " [-1.76734494e-12 -1.45799022e-12 -1.45799022e-12 -2.96955641e-12\n",
      "  -9.82017284e-13 -9.26992979e-13 -1.45799022e-12 -7.55426607e-13\n",
      "  -1.45799022e-12 -2.53138851e-12]\n",
      " [-2.28980078e-13 -2.28980078e-13 -1.95392269e-13 -1.85212170e-13\n",
      "  -1.58975255e-13 -2.42544063e-13 -2.90461329e-13 -2.28980078e-13\n",
      "  -2.43409743e-13 -2.28980078e-13]\n",
      " [ 4.62010753e-11  4.62010753e-11  3.89904635e-11  3.75503205e-11\n",
      "   4.39005538e-11  4.98079660e-11  5.19961183e-11  5.26485300e-11\n",
      "   4.33079525e-11  4.96789628e-11]\n",
      " [-1.30750534e-10 -1.80991365e-10 -1.07077231e-10 -5.82329897e-11\n",
      "  -2.02018234e-10 -1.94138896e-10 -5.82329897e-11 -1.80991365e-10\n",
      "  -2.67005839e-10 -5.35690270e-11]\n",
      " [-1.83669770e-15 -1.83669770e-15 -1.83669770e-15 -2.91371226e-15\n",
      "  -8.55121529e-16 -8.52510530e-16 -2.45413232e-15 -9.34222781e-16\n",
      "  -3.47370068e-15 -2.57646449e-15]\n",
      " [ 8.19617556e-16  9.13757823e-16  9.13757823e-16  8.88951585e-16\n",
      "   9.02511381e-16  9.30263177e-16  8.19636348e-16  9.13757823e-16\n",
      "   8.72512278e-16  9.05771208e-16]\n",
      " [ 2.29423303e-05  2.29423303e-05  2.12147040e-05  1.88202671e-05\n",
      "   2.82097959e-05  2.29423303e-05  3.47013961e-05  3.14536173e-05\n",
      "   2.29423303e-05  2.61581210e-05]\n",
      " [-2.04721003e-06 -2.01955966e-06 -2.04721003e-06 -2.41748715e-06\n",
      "  -2.04721003e-06 -1.77679688e-06 -1.42217639e-06 -1.22680317e-06\n",
      "  -1.15087601e-06 -2.01955966e-06]\n",
      " [-1.59792834e-08 -1.44001662e-08 -1.51777727e-08 -1.07149941e-08\n",
      "  -2.64834497e-08 -1.85423179e-08 -2.55934827e-08 -3.12750844e-08\n",
      "  -1.41427355e-08 -1.44001662e-08]\n",
      " [ 9.98214034e-10  9.52001877e-10  1.02124417e-09  7.98274902e-10\n",
      "   9.98214034e-10  1.01793642e-09  8.68818166e-10  8.57302478e-10\n",
      "   8.87207442e-10  8.87207442e-10]]\n"
     ]
    }
   ],
   "source": [
    "a = [[ 0.00000000e+00, -5.68633399e-01, -6.47645443e-01, -6.47645443e-01,\n",
    "  -2.05364180e-01, -2.08981831e-01, -5.58722327e-01, -5.68633399e-01,\n",
    "  -6.45081545e-01, -4.98138646e-01],\n",
    " [-1.76734494e-12, -1.45799022e-12, -1.45799022e-12, -2.96955641e-12,\n",
    "  -9.82017284e-13, -9.26992979e-13, -1.45799022e-12, -7.55426607e-13,\n",
    "  -1.45799022e-12, -2.53138851e-12],\n",
    " [-2.28980078e-13, -2.28980078e-13, -1.95392269e-13, -1.85212170e-13,\n",
    "  -1.58975255e-13, -2.42544063e-13, -2.90461329e-13, -2.28980078e-13,\n",
    "  -2.43409743e-13, -2.28980078e-13],\n",
    " [ 4.62010753e-11,  4.62010753e-11,  3.89904635e-11,  3.75503205e-11,\n",
    "   4.39005538e-11,  4.98079660e-11,  5.19961183e-11,  5.26485300e-11,\n",
    "   4.33079525e-11,  4.96789628e-11],\n",
    " [-1.30750534e-10, -1.80991365e-10, -1.07077231e-10, -5.82329897e-11,\n",
    "  -2.02018234e-10, -1.94138896e-10, -5.82329897e-11, -1.80991365e-10,\n",
    "  -2.67005839e-10, -5.35690270e-11],\n",
    " [-1.83669770e-15, -1.83669770e-15, -1.83669770e-15, -2.91371226e-15,\n",
    "  -8.55121529e-16, -8.52510530e-16, -2.45413232e-15, -9.34222781e-16,\n",
    "  -3.47370068e-15, -2.57646449e-15],\n",
    " [ 8.19617556e-16,  9.13757823e-16,  9.13757823e-16,  8.88951585e-16,\n",
    "   9.02511381e-16,  9.30263177e-16,  8.19636348e-16,  9.13757823e-16,\n",
    "   8.72512278e-16,  9.05771208e-16],\n",
    " [ 2.29423303e-05,  2.29423303e-05,  2.12147040e-05,  1.88202671e-05,\n",
    "   2.82097959e-05,  2.29423303e-05,  3.47013961e-05,  3.14536173e-05,\n",
    "   2.29423303e-05,  2.61581210e-05],\n",
    " [-2.04721003e-06, -2.01955966e-06, -2.04721003e-06, -2.41748715e-06,\n",
    "  -2.04721003e-06, -1.77679688e-06, -1.42217639e-06, -1.22680317e-06,\n",
    "  -1.15087601e-06, -2.01955966e-06],\n",
    " [-1.59792834e-08, -1.44001662e-08, -1.51777727e-08, -1.07149941e-08,\n",
    "  -2.64834497e-08, -1.85423179e-08, -2.55934827e-08, -3.12750844e-08,\n",
    "  -1.41427355e-08, -1.44001662e-08],\n",
    " [ 9.98214034e-10,  9.52001877e-10,  1.02124417e-09,  7.98274902e-10,\n",
    "   9.98214034e-10,  1.01793642e-09,  8.68818166e-10,  8.57302478e-10,\n",
    "   8.87207442e-10,  8.87207442e-10]]\n",
    "a = np.matrix(a)\n",
    "print(a.shape)\n",
    "print(a)"
   ]
  },
  {
   "cell_type": "code",
   "execution_count": 19,
   "metadata": {},
   "outputs": [
    {
     "name": "stdout",
     "output_type": "stream",
     "text": [
      "(10, 11)\n",
      "[[ 0.00000000e+00 -1.76734494e-12 -2.28980078e-13  4.62010753e-11\n",
      "  -1.30750534e-10 -1.83669770e-15  8.19617556e-16  2.29423303e-05\n",
      "  -2.04721003e-06 -1.59792834e-08  9.98214034e-10]\n",
      " [-5.68633399e-01 -1.45799022e-12 -2.28980078e-13  4.62010753e-11\n",
      "  -1.80991365e-10 -1.83669770e-15  9.13757823e-16  2.29423303e-05\n",
      "  -2.01955966e-06 -1.44001662e-08  9.52001877e-10]\n",
      " [-6.47645443e-01 -1.45799022e-12 -1.95392269e-13  3.89904635e-11\n",
      "  -1.07077231e-10 -1.83669770e-15  9.13757823e-16  2.12147040e-05\n",
      "  -2.04721003e-06 -1.51777727e-08  1.02124417e-09]\n",
      " [-6.47645443e-01 -2.96955641e-12 -1.85212170e-13  3.75503205e-11\n",
      "  -5.82329897e-11 -2.91371226e-15  8.88951585e-16  1.88202671e-05\n",
      "  -2.41748715e-06 -1.07149941e-08  7.98274902e-10]\n",
      " [-2.05364180e-01 -9.82017284e-13 -1.58975255e-13  4.39005538e-11\n",
      "  -2.02018234e-10 -8.55121529e-16  9.02511381e-16  2.82097959e-05\n",
      "  -2.04721003e-06 -2.64834497e-08  9.98214034e-10]\n",
      " [-2.08981831e-01 -9.26992979e-13 -2.42544063e-13  4.98079660e-11\n",
      "  -1.94138896e-10 -8.52510530e-16  9.30263177e-16  2.29423303e-05\n",
      "  -1.77679688e-06 -1.85423179e-08  1.01793642e-09]\n",
      " [-5.58722327e-01 -1.45799022e-12 -2.90461329e-13  5.19961183e-11\n",
      "  -5.82329897e-11 -2.45413232e-15  8.19636348e-16  3.47013961e-05\n",
      "  -1.42217639e-06 -2.55934827e-08  8.68818166e-10]\n",
      " [-5.68633399e-01 -7.55426607e-13 -2.28980078e-13  5.26485300e-11\n",
      "  -1.80991365e-10 -9.34222781e-16  9.13757823e-16  3.14536173e-05\n",
      "  -1.22680317e-06 -3.12750844e-08  8.57302478e-10]\n",
      " [-6.45081545e-01 -1.45799022e-12 -2.43409743e-13  4.33079525e-11\n",
      "  -2.67005839e-10 -3.47370068e-15  8.72512278e-16  2.29423303e-05\n",
      "  -1.15087601e-06 -1.41427355e-08  8.87207442e-10]\n",
      " [-4.98138646e-01 -2.53138851e-12 -2.28980078e-13  4.96789628e-11\n",
      "  -5.35690270e-11 -2.57646449e-15  9.05771208e-16  2.61581210e-05\n",
      "  -2.01955966e-06 -1.44001662e-08  8.87207442e-10]]\n"
     ]
    }
   ],
   "source": [
    "a = np.transpose(a)\n",
    "print(a.shape)\n",
    "print(a)"
   ]
  },
  {
   "cell_type": "code",
   "execution_count": null,
   "metadata": {},
   "outputs": [],
   "source": []
  }
 ],
 "metadata": {
  "kernelspec": {
   "display_name": "science2_env",
   "language": "python",
   "name": "science2_env"
  },
  "language_info": {
   "codemirror_mode": {
    "name": "ipython",
    "version": 3
   },
   "file_extension": ".py",
   "mimetype": "text/x-python",
   "name": "python",
   "nbconvert_exporter": "python",
   "pygments_lexer": "ipython3",
   "version": "3.8.5"
  }
 },
 "nbformat": 4,
 "nbformat_minor": 4
}
